jjj.swf Movie Report
---------------------
Frame #    Frame Bytes    Total Bytes    Scene
-------    -----------    -----------    ----------------
      1         103099         103099    Scene 1 (AS 2.0 Classes Export Frame)
      2             11         103110    
      3             11         103121    
      4             11         103132    
      5             11         103143    
      6             11         103154    
      7             11         103165    
      8             11         103176    
      9             11         103187    
     10             11         103198    
     11             11         103209    
     12             11         103220    
     13             11         103231    
     14             11         103242    
     15             11         103253    
     16             11         103264    
     17             11         103275    
     18             11         103286    
     19             11         103297    
     20             11         103308    
     21             11         103319    
     22             11         103330    
     23             11         103341    
     24             11         103352    
     25             11         103363    
     26             11         103374    
     27             11         103385    
     28             11         103396    
     29             11         103407    
     30             11         103418    
     31             11         103429    
     32             11         103440    
     33             11         103451    
     34             11         103462    
     35             11         103473    
     36             11         103484    
     37             11         103495    
     38             11         103506    
     39             11         103517    
     40             11         103528    
     41             11         103539    
     42             11         103550    
     43             11         103561    
     44             11         103572    
     45           2525         106097    
     46           1206         107303    

Scene                        Shape Bytes    Text Bytes    ActionScript Bytes
-------------------------    -----------    ----------    ------------------
Scene 1                             3706             0                     0

Tweened Shapes: 103066 bytes




